8234
10455
7650
9801
11200
9050
7433
6890
10022
12010
8450
9322
11005
7600
5400
6800
7200
8300
9100
10050
8750
9400
10220
11200
9800
7600
8400
9200
10100
8700
9400
11000
9500
8800
7600
5400
6200
7000
8200
9100
10000
11200
9800
7600
8400
9200
10100
8700
9400
11000
9500
8800
7600
5400
6200
7000
8200
9100
10000
11200
9800
7600
8400
9200
10100
8700
9400
11000
9500
8800
7600
5400
6200
7000
8200
9100
10000
11200
9800
7600
8400
9200
10100
8700
9400
11000
9500
8800
7600
5400
6200
7000
8200
9100
10000
11200
9800
7600
8400
9200
10100
8700
9400
11000
9500
8800
7600
5400
6200
7000
8200
9100
10000
11200
9800
7600
8400
9200
10100
8700
9400
11000
9500
8800
7600
5400
6200
7000
8200
9100
10000
11200
9800
7600
8400
9200
10100
8700
9400
11000
9500
8800
7600
5400
6200
7000
8200
9100
10000
11200
9800
7600
8400
9200
10100
8700
9400
11000
9500
8800
7600
5400
6200
7000
8200
9100
10000
11200
9800
7600
8400
9200
10100
8700
9400
11000
9500
8800
7600
5400
6200
7000
8200
9100
10000
11200
9800
7600
8400
9200
10100
8700
9400
11000
9500
8800
7600
5400
6200
7000
8200
9100
10000
11200
9800
7600
8400
9200
10100
8700
9400
11000
9500
8800
7600
5400
6200
7000
8200
9100
10000
11200
9800
7600
8400
9200
10100
8700
9400
11000
9500
8800
7600
5400
6200
7000
8200
9100
10000
11200
9800
7600
8400
9200
10100
8700
9400
11000
9500
8800
7600
5400
6200
7000
8200
9100
10000
11200
9800
7600
8400
9200
10100
8700
9400
11000
9500
8800
7600
5400
6200
7000
8200
9100
10000
11200
9800
7600
8400
9200
10100
8700
9400
11000
9500
8800
7600
5400
6200
7000
8200
9100
10000
11200
9800
7600
8400
9200
10100
8700
9400
11000
9500
8800
7600
5400
6200
7000
8200
9100
10000
11200
9800
7600
8400
9200
10100
8700
9400
11000
9500
8800
7600
5400
6200
7000
8200
9100
10000
11200
9800
7600
8400
9200
10100
8700
9400
11000
9500
8800
7600
5400
6200
7000
8200
9100
10000
11200
9800
7600
8400
9200
10100
8700
9400
11000
9500
8800
7600
5400
6200
7000
8200
9100
10000